501 297
550 274
594 280
506 255
522 207
524 161
545 118
584 96
622 80
589 146
564 187
564 232
616 232
612 190
634 148
664 106
715 78
723 117
686 151
724 157
659 191
702 196
739 204
671 232
809 104
831 206
872 217
561 326
606 327
655 319
526 374
569 369
617 370
660 366
536 416
578 411
558 458
601 464
642 539
682 562
726 574
770 553
768 599
812 535
816 579
820 618
957 625
1014 610
887 283
930 271
930 319
971 285
974 331
1011 293
1013 340
1050 318
1053 363
1092 342
1090 386
1128 372
1123 412
1130 453