659 36
624 37
585 47
546 59
509 81
481 117
460 115
454 194
449 235
447 282
450 324
457 336
447 408
442 412
498 407
455 457
521 482
485 495
549 552
504 538
462 531
588 557
539 566
499 581
628 583
584 598
536 612
662 605
621 632
577 651
700 620
664 647
622 676
736 639
696 666
658 689
774 763
742 681
701 705
740 722
782 692
786 735
831 698
832 739
874 696
873 739
912 699
917 743
952 702
961 740
1001 705
1042 696
817 658
857 654
901 655
943 662
982 666
1018 657
1066 641
1106 635
1143 626
1176 602
1169 562
1172 524
1180 488
1173 455
1158 402
1165 359
1130 326
1091 299
1052 274
1009 252
963 235
924 217
905 179
861 167
855 128
849 86
814 57
766 41
738 37
697 35